{
  "system_id": "system_195d94e7",
  "created_at": "2025-06-20T17:42:51.400851",
  "last_modified": "2025-06-20T17:42:51.401663",
  "status": "complete",
  "warnings": [],
  "history": [
    {
      "timestamp": "2025-06-20T17:42:51.401373",
      "action": "set_lattice",
      "data": "chain of 24 sites"
    },
    {
      "timestamp": "2025-06-20T17:42:51.401527",
      "action": "set_hilbert",
      "data": "1 spinless fermion"
    },
    {
      "timestamp": "2025-06-20T17:42:51.401663",
      "action": "set_hamiltonian",
      "data": {
        "text": "SSH model with t1=1.0, t2=0.2"
      }
    }
  ],
  "lattice": {
    "lattice_type": "chain",
    "extent": [
      24
    ],
    "text": "chain of 24 sites"
  },
  "hilbert": {
    "space_type": "fermion",
    "spin": null,
    "n_particles": 1,
    "n_modes": 1,
    "text": "1 fermions with spin-None"
  },
  "hamiltonian": {
    "model_type": "ssh",
    "parameters": {
      "t1": 1.0,
      "t2": 0.2
    },
    "parameter_ranges": null,
    "text": "SSH model with t1=1.0, t2=0.2"
  },
  "results": {
    "energy_spectrum": {
      "eigenvalues": [
        -1.1944609199937604,
        -1.1780496191032357,
        -1.151390759030273,
        -1.115548929350428,
        -1.0720658085509347,
        -1.0230140502059881,
        -0.9710630912680196,
        -0.9195355417450648,
        -0.8723959314599654,
        -0.8340541475551321,
        -0.8088257815890545,
        -3.932160176093538e-09,
        3.932159823906457e-09,
        0.8088257815890543,
        0.834054147555132,
        0.8723959314599659,
        0.9195355417450648,
        0.9710630912680203,
        1.0230140502059883,
        1.0720658085509354,
        1.1155489293504277,
        1.1513907590302725,
        1.1780496191032355,
        1.1944609199937601
      ],
      "eigenvectors": [
        [
          0.012260410715706205,
          0.024052984918110462,
          0.03489507305931396,
          -0.04427330959754063,
          0.05162664639855186,
          -0.056331636951183414,
          0.05770118934954517,
          -0.05502403396178635,
          0.04769591933194316,
          -0.03550249002497826,
          -0.01903631147157431,
          -0.6928203071302738,
          0.6928203389248274,
          -0.019036311471574162,
          0.03550249002497849,
          0.04769591933194274,
          0.055024033961786616,
          -0.057701189349545164,
          -0.05633163695118358,
          -0.051626646398551496,
          0.04427330959754137,
          0.03489507305931295,
          -0.024052984918110504,
          -0.012260410715706615
        ],
        [
          0.07322290731491891,
          0.14167804860537941,
          0.20088932328090145,
          -0.2469452156016821,
          0.2767358120701833,
          -0.288140280360817,
          0.28015747649805317,
          -0.2529827743902499,
          0.2080486298621493,
          -0.14805499526933905,
          -0.0769852975228438,
          -1.3621402100217764e-08,
          -1.3621401513223919e-08,
          0.07698529752284336,
          -0.14805499526934002,
          -0.2080486298621477,
          -0.25298277439025146,
          0.28015747649805367,
          0.28814028036081824,
          0.27673581207018166,
          -0.24694521560168647,
          -0.2008893232808958,
          0.1416780486053798,
          0.07322290731492116
        ],
        [
          0.0850098190928546,
          0.16209317421123473,
          0.22432309580161217,
          -0.266624808953159,
          0.28635367284231034,
          -0.28350522784917187,
          0.26051034730013833,
          -0.22162184570875088,
          0.17196159437117103,
          -0.11638538486565231,
          -0.0584604311454654,
          0.13856406142605474,
          -0.1385640677849655,
          -0.05846043114546476,
          0.11638538486565259,
          0.17196159437116945,
          0.22162184570875218,
          -0.2605103473001384,
          -0.28350522784917304,
          -0.28635367284230895,
          0.2666248089531636,
          0.22432309580160578,
          -0.1620931742112351,
          -0.08500981909285739
        ],
        [
          0.1415899970361763,
          0.2463787676669995,
          0.2869710813106858,
          -0.2524390228213822,
          0.15127084868518934,
          -0.009447755178677499,
          -0.13592746670737899,
          0.245968052169564,
          -0.2901501728268558,
          0.2549164115367078,
          0.14850496804789842,
          7.083129101760421e-08,
          7.083128777475438e-08,
          -0.14850496804789803,
          0.25491641153671096,
          0.29015017282685407,
          0.24596805216956508,
          -0.13592746670737854,
          0.009447755178679554,
          0.1512708486851901,
          -0.2524390228213867,
          -0.2869710813106775,
          0.2463787676670003,
          0.14158999703618078
        ],
        [
          0.152121754303174,
          0.2578277785629863,
          0.2855512319697259,
          -0.22828311984402933,
          0.10490157013741168,
          0.047035859279140765,
          -0.1840962154691259,
          0.27050073524546836,
          -0.28751814916078894,
          0.23589116729519238,
          0.13180673308029212,
          -0.027712812285210664,
          0.027712813556992812,
          0.1318067330802914,
          -0.23589116729519524,
          -0.28751814916078744,
          -0.2705007352454699,
          0.1840962154691256,
          0.04703585927913889,
          -0.10490157013741294,
          0.22828311984403385,
          0.28555123196971793,
          -0.2578277785629873,
          -0.15212175430317876
        ],
        [
          0.20056746779928777,
          0.2867757433167979,
          0.2090498420448312,
          -0.011109835546997753,
          -0.19404731038781348,
          0.28783050042375213,
          -0.21420786688406945,
          0.01383493978408008,
          0.19660254639042032,
          -0.29085202541265515,
          -0.2094814207276572,
          -3.547013111913151e-07,
          -3.54701294916138e-07,
          0.20948142072765755,
          -0.2908520254126595,
          -0.1966025463904166,
          0.013834939784082545,
          -0.21420786688406962,
          -0.2878305004237512,
          -0.19404731038780873,
          -0.011109835547000265,
          -0.20904984204482605,
          0.2867757433167995,
          0.2005674677992941
        ],
        [
          0.20914565124772144,
          0.28627049946980365,
          0.18358780991321177,
          0.03326305881909333,
          -0.22901180073552782,
          0.28504747415549075,
          -0.1711901102965475,
          -0.04137842819972966,
          0.22901889141782955,
          -0.28976457157927377,
          -0.19579532046449097,
          0.00554256245704074,
          -0.0055425627113971695,
          -0.1957953204644914,
          0.2897645715792783,
          0.22901889141782608,
          0.04137842819972729,
          0.17119011029654807,
          0.2850474741554906,
          0.22901180073552288,
          -0.03326305881909135,
          0.18358780991320697,
          -0.2862704994698054,
          -0.20914565124772777
        ],
        [
          0.2462441960137992,
          0.2523255477204873,
          0.011657328799234413,
          0.2410820259977899,
          -0.25734205467712834,
          0.01888535306521601,
          0.23985734592495458,
          -0.2594193758763904,
          0.015963013549829083,
          0.24586341336213097,
          0.25558558810743137,
          1.7736155271801776e-06,
          1.7736154457866402e-06,
          -0.25558558810742954,
          0.24586341336213316,
          -0.01596301354983276,
          -0.2594193758763906,
          0.23985734592495156,
          -0.018885353065219546,
          -0.25734205467712584,
          0.24108202599779105,
          -0.011657328799232949,
          0.2523255477204871,
          0.24624419601380484
        ],
        [
          0.2522999386642226,
          0.2399979154881752,
          -0.023295421328226016,
          0.2622861842236481,
          -0.23008525777448954,
          -0.03768951330228072,
          0.2671546378565384,
          -0.23026965069571736,
          -0.03187771020885487,
          0.2630163139626023,
          0.24588327715678962,
          -0.0011085124914011733,
          0.0011085125422724594,
          0.2458832771567885,
          -0.26301631396260455,
          -0.031877710208850836,
          0.23026965069571806,
          -0.2671546378565357,
          -0.03768951330227782,
          0.23008525777448705,
          -0.2622861842236498,
          -0.023295421328227473,
          -0.23999791548817426,
          -0.2522999386642276
        ],
        [
          0.2755911041871896,
          0.15201952602964236,
          -0.1923973082213521,
          0.25755522998155134,
          0.05337758382734864,
          -0.28721127359437437,
          0.09783331279302088,
          0.23839123938228315,
          -0.2188649912014675,
          -0.132467829134799,
          -0.28354427140706395,
          -8.868099430147037e-06,
          -8.868099023176874e-06,
          0.28354427140705957,
          -0.13246782913480076,
          0.21886499120147074,
          0.23839123938228202,
          0.09783331279302364,
          0.28721127359437587,
          0.05337758382734983,
          0.25755522998155395,
          0.1923973082213538,
          0.15201952602963478,
          0.2755911041871898
        ],
        [
          0.27872281611668176,
          0.1310869616378394,
          -0.21686539848271824,
          0.2348582242097929,
          0.10324133411925969,
          -0.2862832656041447,
          0.0415713915784743,
          0.2652631475918084,
          -0.18456138582141043,
          -0.16308860510002385,
          -0.2785145723672757,
          0.00022170249824536188,
          -0.00022170250841962313,
          -0.2785145723672715,
          0.1630886051000258,
          -0.1845613858214139,
          -0.26526314759180775,
          -0.041571391578477564,
          -0.2862832656041465,
          -0.10324133411926077,
          -0.23485822420979535,
          -0.2168653984827205,
          -0.13108696163783076,
          -0.2787228161166817
        ],
        [
          0.2866620358739709,
          0.012037095986074126,
          -0.2864975377253397,
          0.022203052924131186,
          0.2865196025554643,
          -0.028302647287594608,
          -0.28732434389257083,
          0.027638263717758408,
          0.2892719455312787,
          -0.01778449183928427,
          0.29137252364080246,
          4.4340501509558476e-05,
          4.434049947470708e-05,
          -0.2913725236408005,
          -0.01778449183928433,
          -0.2892719455312809,
          0.027638263717760743,
          -0.2873243438925704,
          0.028302647287596273,
          0.2865196025554656,
          0.02220305292413205,
          0.28649753772534126,
          0.012037095986063222,
          0.28666203587396766
        ],
        [
          0.28666203587397093,
          -0.012037095986064483,
          -0.28649753772533915,
          -0.022203052924133396,
          0.28651960255546416,
          0.02830264728759569,
          -0.2873243438925704,
          -0.02763826371776005,
          0.2892719455312786,
          0.0177844918392896,
          0.2913725236408021,
          -4.434049947473209e-05,
          4.4340501509557e-05,
          0.29137252364079996,
          -0.017784491839289568,
          0.2892719455312811,
          0.02763826371775744,
          0.28732434389257044,
          0.028302647287593807,
          -0.2865196025554657,
          0.022203052924132403,
          -0.2864975377253407,
          0.012037095986075344,
          -0.28666203587396805
        ],
        [
          0.2787228161166851,
          -0.13108696163783123,
          -0.21686539848271422,
          -0.23485822420979624,
          0.10324133411926127,
          0.2862832656041467,
          0.041571391578477855,
          -0.2652631475918088,
          -0.1845613858214114,
          0.16308860510002102,
          -0.27851457236727495,
          -0.00022170250841959812,
          -0.00022170249824534095,
          0.2785145723672759,
          0.16308860510002038,
          0.18456138582141207,
          -0.26526314759180925,
          0.04157139157847519,
          -0.28628326560414535,
          0.10324133411926122,
          -0.23485822420979316,
          0.21686539848271588,
          -0.1310869616378397,
          0.27872281611668226
        ],
        [
          0.2755911041871933,
          -0.15201952602963492,
          -0.19239730822134746,
          -0.2575552299815541,
          0.05337758382735026,
          0.2872112735943757,
          0.09783331279302418,
          -0.23839123938228346,
          -0.218864991201468,
          0.13246782913479585,
          -0.283544271407063,
          8.868099023173466e-06,
          -8.868099430144926e-06,
          -0.2835442714070637,
          -0.13246782913479546,
          -0.21886499120146927,
          0.2383912393822842,
          -0.09783331279302154,
          0.2872112735943749,
          -0.05337758382735005,
          0.25755522998155134,
          -0.19239730822134898,
          0.1520195260296422,
          -0.27559110418719046
        ],
        [
          0.25229993866423184,
          -0.23999791548817098,
          -0.023295421328221162,
          -0.262286184223649,
          -0.23008525777448768,
          0.03768951330227894,
          0.26715463785653565,
          0.23026965069571909,
          -0.03187771020885223,
          -0.2630163139626,
          0.24588327715679043,
          0.0011085125422723736,
          0.0011085124914010874,
          -0.24588327715679417,
          -0.2630163139625993,
          0.03187771020885488,
          0.23026965069571578,
          0.2671546378565364,
          -0.037689513302280986,
          -0.23008525777448974,
          -0.262286184223647,
          0.0232954213282204,
          -0.23999791548817448,
          0.25229993866422773
        ],
        [
          0.24624419601380865,
          -0.25232554772048366,
          0.011657328799239025,
          -0.24108202599778986,
          -0.25734205467712695,
          -0.01888535306521836,
          0.23985734592495125,
          0.25941937587639136,
          0.015963013549831196,
          -0.24586341336212839,
          0.25558558810743176,
          -1.77361544577567e-06,
          1.7736155271908536e-06,
          0.255585588107435,
          0.24586341336212783,
          0.015963013549829052,
          -0.2594193758763887,
          -0.23985734592495248,
          -0.01888535306521621,
          0.2573420546771289,
          0.2410820259977884,
          0.011657328799240118,
          0.25232554772048627,
          -0.2462441960138047
        ],
        [
          0.20914565124772885,
          -0.28627049946980093,
          0.183587809913212,
          -0.03326305881908871,
          -0.22901180073552552,
          -0.28504747415549014,
          -0.17119011029654874,
          0.041378428199726765,
          0.22901889141782739,
          0.2897645715792754,
          -0.19579532046449416,
          -0.0055425627113971886,
          -0.005542562457040759,
          0.19579532046449838,
          0.2897645715792727,
          -0.22901889141782955,
          0.04137842819973018,
          -0.17119011029654613,
          0.28504747415548876,
          -0.22901180073552807,
          -0.03326305881908892,
          -0.18358780991321466,
          -0.2862704994697996,
          0.2091456512477264
        ],
        [
          0.2005674677992945,
          -0.2867757433167947,
          0.20904984204483032,
          0.011109835547003274,
          -0.1940473103878112,
          -0.2878305004237509,
          -0.21420786688407,
          -0.01383493978408323,
          0.19660254639041774,
          0.2908520254126563,
          -0.2094814207276605,
          3.547012948985539e-07,
          -3.5470131120896854e-07,
          -0.20948142072766432,
          -0.29085202541265376,
          0.19660254639042044,
          0.013834939784079616,
          0.21420786688406782,
          -0.28783050042375014,
          0.19404731038781378,
          -0.011109835547002478,
          0.20904984204483348,
          0.28677574331679323,
          -0.20056746779929222
        ],
        [
          0.1521217543031787,
          -0.2578277785629838,
          0.28555123196971943,
          0.2282831198440373,
          0.10490157013741176,
          -0.047035859279139336,
          -0.18409621546912433,
          -0.27050073524547025,
          -0.28751814916078766,
          -0.23589116729519383,
          0.13180673308029442,
          0.027712813556992833,
          0.027712812285210685,
          -0.13180673308029714,
          -0.2358911672951893,
          0.28751814916078716,
          -0.2705007352454709,
          -0.18409621546912835,
          0.04703585927914247,
          0.10490157013741158,
          0.22828311984403413,
          -0.28555123196972526,
          -0.25782777856298095,
          0.15212175430317532
        ],
        [
          0.14158999703618066,
          -0.24637876766699707,
          0.28697108131067856,
          0.25243902282139047,
          0.1512708486851891,
          0.009447755178679112,
          -0.13592746670737715,
          -0.2459680521695649,
          -0.29015017282685435,
          -0.254916411536709,
          0.14850496804790084,
          -7.083128773157155e-08,
          7.08312910610212e-08,
          0.14850496804790406,
          0.2549164115367045,
          -0.290150172826854,
          0.2459680521695661,
          0.13592746670738104,
          0.009447755178676152,
          -0.15127084868518975,
          -0.2524390228213872,
          0.2869710813106847,
          0.24637876766699449,
          -0.14158999703617733
        ],
        [
          0.0850098190928565,
          -0.16209317421123293,
          0.22432309580160573,
          0.26662480895316665,
          0.2863536728423089,
          0.2835052278491717,
          0.26051034730013795,
          0.22162184570875285,
          0.1719615943711703,
          0.11638538486565232,
          -0.058460431145465834,
          -0.13856406778496544,
          -0.13856406142605468,
          0.058460431145467166,
          0.11638538486564942,
          -0.1719615943711686,
          0.2216218457087517,
          0.26051034730013917,
          -0.2835052278491717,
          0.2863536728423119,
          0.26662480895316293,
          -0.22432309580161072,
          -0.16209317421123134,
          0.0850098190928546
        ],
        [
          0.07322290731492048,
          -0.14167804860537755,
          0.2008893232808956,
          0.24694521560168914,
          0.2767358120701817,
          0.2881402803608172,
          0.2801574764980526,
          0.25298277439025196,
          0.2080486298621487,
          0.14805499526933963,
          -0.07698529752284484,
          1.3621401479178761e-08,
          -1.3621402134781384e-08,
          -0.07698529752284639,
          -0.14805499526933588,
          0.208048629862147,
          -0.25298277439025113,
          -0.28015747649805456,
          0.2881402803608169,
          -0.27673581207018455,
          -0.24694521560168553,
          0.20088932328089987,
          0.14167804860537636,
          -0.07322290731491884
        ],
        [
          0.012260410715706379,
          -0.024052984918110143,
          0.03489507305931297,
          0.04427330959754192,
          0.05162664639855154,
          0.056331636951183345,
          0.05770118934954509,
          0.055024033961786845,
          0.04769591933194294,
          0.03550249002497829,
          -0.019036311471574478,
          0.6928203389248271,
          0.6928203071302734,
          0.01903631147157489,
          0.0355024900249775,
          -0.04769591933194262,
          0.0550240339617867,
          0.057701189349545594,
          -0.056331636951183456,
          0.05162664639855207,
          0.0442733095975412,
          -0.03489507305931372,
          -0.024052984918109973,
          0.012260410715706169
        ]
      ],
      "ground_state_energy": -1.1944609199937604,
      "energy_gap": 0.01641130089052467
    },
    "model_type": "ssh",
    "parameters": {
      "t1": 1.0,
      "t2": 0.2
    }
  }
}