{
  "system_id": "system_20107908",
  "created_at": "2025-06-20T00:22:02.222573",
  "last_modified": "2025-06-20T00:22:02.223324",
  "status": "complete",
  "warnings": [],
  "history": [
    {
      "timestamp": "2025-06-20T00:22:02.223012",
      "action": "set_lattice",
      "data": "chain of 12 sites"
    },
    {
      "timestamp": "2025-06-20T00:22:02.223173",
      "action": "set_hilbert",
      "data": "1 spinless fermion"
    },
    {
      "timestamp": "2025-06-20T00:22:02.223324",
      "action": "set_hamiltonian",
      "data": {
        "text": "SSH model with t1=1.0, t2=0.19743589743589746"
      }
    }
  ],
  "lattice": {
    "lattice_type": "chain",
    "extent": [
      12
    ],
    "text": "chain of 12 sites"
  },
  "hilbert": {
    "space_type": "fermion",
    "spin": null,
    "n_particles": 1,
    "n_modes": 1,
    "text": "1 fermions with spin-None"
  },
  "hamiltonian": {
    "model_type": "ssh",
    "parameters": {
      "t1": 1.0,
      "t2": 0.19743589743589746
    },
    "parameter_ranges": null,
    "text": "SSH model with t1=1.0, t2=0.19743589743589746"
  },
  "results": {
    "energy_spectrum": {
      "eigenvalues": [
        -1.1762724592396845,
        -1.1157910916228673,
        -1.0255348441977228,
        -0.9232815026610083,
        -0.8373222139698213,
        -5.6923123353151475e-05,
        5.692312335307386e-05,
        0.8373222139698212,
        0.9232815026610077,
        1.0255348441977228,
        1.1157910916228682,
        1.1762724592396847
      ],
      "eigenvectors": [
        [
          0.03302986807108537,
          0.061050649669071075,
          0.07827424150086845,
          -0.07735745682042093,
          0.05060891444815705,
          -0.6931879620709019,
          0.6931879620713353,
          0.05060891444815685,
          0.0773574568204207,
          0.0782742415008688,
          0.06105064966907111,
          -0.03302986807108553
        ],
        [
          0.1967834859258674,
          0.3450222169484395,
          0.406577340315485,
          -0.3617513831211036,
          0.2146315277144497,
          -0.00019985435467582608,
          -0.00019985435467567112,
          -0.21463152771444907,
          -0.36175138312110255,
          -0.4065773403154868,
          -0.34502221694844004,
          0.1967834859258686
        ],
        [
          0.224949713282974,
          0.3729191262765839,
          0.40150508423792786,
          -0.3187252216870528,
          0.16972372953126014,
          0.13686017600689532,
          -0.13686017600698083,
          0.16972372953125922,
          0.31872522168705114,
          0.4015050842379294,
          0.37291912627658397,
          -0.22494971328297506
        ],
        [
          0.3434971421282565,
          0.3600035402368157,
          0.02623693948428922,
          0.34177311412088657,
          -0.3672993598525575,
          0.00105170774946919,
          0.0010517077494685283,
          0.36729935985255585,
          0.3417731141208893,
          -0.026236939484288794,
          -0.3600035402368148,
          0.343497142128257
        ],
        [
          0.35963307959303586,
          0.3280611207815053,
          -0.05236462098534529,
          0.378480594553903,
          -0.34105747003761333,
          -0.027021051806666332,
          0.027021051806683155,
          -0.34105747003761167,
          -0.37848059455390526,
          -0.05236462098534592,
          0.3280611207815045,
          -0.35963307959303636
        ],
        [
          0.4028109673136124,
          0.030613155548189625,
          -0.4048842381052925,
          0.038853207782862144,
          0.4139285966284346,
          -0.0053346219497711215,
          -0.005334621949767789,
          -0.41392859662843445,
          0.03885320778285902,
          0.4048842381052938,
          -0.03061315554818888,
          0.4028109673136124
        ],
        [
          0.40281096731361243,
          -0.03061315554818775,
          -0.4048842381052929,
          -0.0388532077828609,
          0.4139285966284349,
          0.005334621949767774,
          -0.005334621949771067,
          0.4139285966284344,
          0.03885320778286388,
          -0.4048842381052938,
          -0.030613155548188522,
          -0.4028109673136124
        ],
        [
          0.3596330795930349,
          -0.3280611207815055,
          -0.05236462098534719,
          -0.37848059455390515,
          -0.3410574700376119,
          0.02702105180668322,
          0.027021051806666332,
          0.34105747003761366,
          -0.37848059455390354,
          0.05236462098534509,
          0.328061120781506,
          0.3596330795930349
        ],
        [
          0.3434971421282558,
          -0.3600035402368162,
          0.02623693948428704,
          -0.34177311412088895,
          -0.3672993598525559,
          -0.0010517077494684955,
          0.0010517077494691849,
          -0.3672993598525574,
          0.3417731141208872,
          0.02623693948428902,
          -0.36000354023681663,
          -0.34349714212825516
        ],
        [
          0.2249497132829746,
          -0.37291912627658536,
          0.4015050842379264,
          0.3187252216870519,
          0.169723729531259,
          -0.1368601760069809,
          -0.13686017600689532,
          -0.16972372953126105,
          0.3187252216870525,
          -0.4015050842379252,
          0.3729191262765866,
          0.22494971328297286
        ],
        [
          0.19678348592586806,
          -0.3450222169484414,
          0.406577340315484,
          0.3617513831211035,
          0.21463152771444904,
          0.00019985435467568584,
          -0.00019985435467570744,
          0.2146315277144512,
          -0.3617513831211038,
          0.4065773403154827,
          -0.34502221694844265,
          -0.19678348592586675
        ],
        [
          0.03302986807108555,
          -0.06105064966907138,
          0.07827424150086826,
          0.07735745682042088,
          0.0506089144481568,
          0.6931879620713352,
          0.6931879620709019,
          -0.050608914448157336,
          0.07735745682042083,
          -0.07827424150086795,
          0.06105064966907165,
          0.03302986807108523
        ]
      ],
      "ground_state_energy": -1.1762724592396845,
      "energy_gap": 0.060481367616817217
    },
    "model_type": "ssh",
    "parameters": {
      "t1": 1.0,
      "t2": 0.19743589743589746
    }
  }
}